1x1 (8,17,0)
1x2 (8,15,0)
1x1 (8,6,0)
1x2 (8,4,0)
2x1 (6,17,0)
2x2 (6,15,0)
2x1 (6,6,0)
2x2 (6,4,0)
1x1 (2,17,0)
1x2 (2,15,0)
1x1 (2,6,0)
1x2 (2,4,0)
2x1 (0,17,0)
2x2 (0,15,0)
2x1 (0,6,0)
2x2 (0,4,0)
1x1 (8,17,1)
1x2 (8,15,1)
1x1 (8,6,1)
1x1 (8,4,1)
1x2 (7,3,1)
2x1 (6,17,1)
2x2 (6,15,1)
2x2 (5,3,1)
1x1 (2,17,1)
1x2 (2,15,1)
1x2 (2,3,1)
2x1 (1,5,1)
1x1 (1,4,1)
2x1 (0,17,1)
2x2 (0,15,1)
1x2 (0,5,1)
1x1 (0,4,1)
1x2 (8,16,2)
1x1 (8,15,2)
1x1 (7,17,2)
1x2 (7,15,2)
1x2 (7,4,2)
1x2 (6,16,2)
1x1 (6,15,2)
1x1 (6,4,2)
2x1 (6,3,2)
1x2 (2,4,2)
4x1 (2,3,2)
2x2 (1,16,2)
2x1 (1,15,2)
1x2 (0,16,2)
1x1 (0,15,2)
2x1 (0,6,2)
2x2 (0,4,2)
1x1 (7,17,3)
1x2 (7,15,3)
1x1 (7,5,3)
1x2 (7,3,3)
1x1 (6,16,3)
1x1 (6,3,3)
2x1 (5,17,3)
2x2 (5,4,3)
1x1 (5,3,3)
1x1 (4,17,3)
2x2 (3,3,3)
2x1 (2,17,3)
1x1 (2,16,3)
1x1 (2,5,3)
1x2 (2,3,3)
1x1 (1,17,3)
1x2 (1,15,3)
1x1 (0,17,3)
1x2 (0,15,3)
2x1 (0,6,3)
2x2 (0,4,3)
1x1 (7,16,4)
1x2 (7,14,4)
1x1 (7,5,4)
1x1 (6,17,4)
2x1 (6,4,4)
2x2 (5,15,4)
1x1 (5,14,4)
2x1 (5,5,4)
1x1 (5,3,4)
1x1 (4,15,4)
2x1 (3,14,4)
2x1 (3,3,4)
4x1 (2,17,4)
2x1 (2,5,4)
4x1 (1,16,4)
2x2 (1,14,4)
2x1 (1,4,4)
1x1 (0,16,4)
1x2 (0,14,4)
2x2 (0,5,4)
1x1 (7,5,5)
1x1 (6,16,5)
2x1 (6,15,5)
1x2 (6,11,5)
1x8 (6,3,5)
1x1 (5,3,5)
2x6 (4,13,5)
2x6 (4,7,5)
2x1 (4,4,5)
1x1 (4,3,5)
1x8 (3,11,5)
1x8 (3,3,5)
1x2 (2,15,5)
1x1 (1,15,5)
2x1 (1,13,5)
2x2 (1,11,5)
2x6 (1,5,5)
1x1 (1,4,5)
1x1 (6,16,6)
1x6 (6,10,6)
1x1 (6,9,6)
2x2 (5,7,6)
2x1 (5,6,6)
2x2 (4,17,6)
2x6 (4,11,6)
2x2 (4,9,6)
1x1 (4,8,6)
1x2 (4,6,6)
2x2 (2,16,6)
2x6 (2,10,6)
2x2 (2,8,6)
2x1 (2,7,6)
4x1 (2,4,6)
1x1 (1,13,6)
1x2 (1,11,6)
1x2 (1,8,6)
1x1 (1,7,6)
1x2 (1,4,6)
1x1 (6,16,7)
1x1 (5,18,7)
2x1 (5,15,7)
2x6 (5,9,7)
2x1 (5,8,7)
2x2 (5,6,7)
2x1 (5,5,7)
1x1 (5,4,7)
1x1 (4,14,7)
1x4 (4,10,7)
2x2 (3,17,7)
1x1 (3,12,7)
2x4 (3,6,7)
2x2 (3,4,7)
2x1 (2,16,7)
1x1 (2,13,7)
2x1 (2,11,7)
1x2 (2,7,7)
2x1 (1,14,7)
2x1 (1,12,7)
1x1 (1,11,7)
2x1 (1,10,7)
2x1 (1,9,7)
1x1 (1,8,7)
1x1 (1,7,7)
2x2 (1,5,7)
1x2 (6,15,8)
1x1 (6,13,8)
1x2 (6,9,8)
1x2 (6,5,8)
2x2 (5,11,8)
2x2 (5,7,8)
1x1 (5,6,8)
1x2 (5,4,8)
1x1 (4,18,8)
2x1 (4,13,8)
1x1 (4,11,8)
1x2 (4,6,8)
2x1 (3,4,8)
2x1 (2,13,8)
1x2 (2,11,8)
2x2 (2,7,8)
2x1 (2,6,8)
1x1 (2,5,8)
2x1 (1,14,8)
1x2 (1,12,8)
1x1 (1,11,8)
1x2 (1,8,8)
1x1 (1,7,8)
1x1 (1,6,8)
1x1 (1,5,8)
1x1 (6,15,9)
1x2 (6,13,9)
1x1 (6,10,9)
1x2 (6,8,9)
1x2 (5,12,9)
1x1 (5,8,9)
2x1 (5,7,9)
1x1 (4,13,9)
1x1 (4,7,9)
2x1 (3,18,9)
2x1 (3,11,9)
2x1 (3,8,9)
6x1 (1,16,9)
2x1 (1,15,9)
2x2 (1,13,9)
2x1 (1,12,9)
2x2 (1,10,9)
2x1 (1,8,9)
4x1 (0,7,9)
1x2 (6,15,10)
1x1 (6,13,10)
1x4 (6,7,10)
2x2 (4,12,10)
2x1 (4,8,10)
4x1 (3,14,10)
4x2 (2,16,10)
1x1 (2,14,10)
2x2 (2,12,10)
4x1 (2,11,10)
1x2 (2,9,10)
2x2 (2,7,10)
1x1 (1,16,10)
1x2 (1,14,10)
1x1 (1,11,10)
1x2 (1,7,10)
1x1 (4,13,11)
1x2 (4,11,11)
1x1 (3,13,11)
1x2 (3,11,11)
