2x1 (16,19,0)
2x6 (16,13,0)
2x1 (0,19,0)
2x6 (0,13,0)
2x1 (16,19,1)
2x1 (16,13,1)
2x1 (0,19,1)
2x1 (0,13,1)
2x1 (16,19,2)
2x1 (16,13,2)
2x1 (0,19,2)
2x1 (0,13,2)
2x1 (16,19,3)
2x1 (16,13,3)
2x1 (0,19,3)
2x1 (0,13,3)
2x1 (16,19,4)
2x1 (16,13,4)
2x1 (0,19,4)
2x1 (0,13,4)
2x1 (16,19,5)
2x1 (16,13,5)
2x1 (0,19,5)
2x1 (0,13,5)
1x1 (17,19,6)
1x1 (17,13,6)
1x6 (16,13,6)
8x1 (9,19,6)
1x1 (8,19,6)
8x1 (0,19,6)
2x6 (0,13,6)
1x6 (16,14,7)
1x1 (16,13,7)
1x1 (15,19,7)
4x1 (11,19,7)
8x1 (3,19,7)
1x1 (2,19,7)
2x6 (0,14,7)
2x1 (0,13,7)
2x1 (16,19,8)
2x1 (16,13,8)
2x1 (0,19,8)
2x1 (0,13,8)
2x1 (16,19,9)
2x1 (16,13,9)
2x1 (0,19,9)
2x1 (0,13,9)
2x1 (16,19,10)
2x1 (16,13,10)
2x1 (0,19,10)
2x1 (0,13,10)
2x1 (16,19,11)
2x1 (16,13,11)
2x1 (0,19,11)
2x1 (0,13,11)
2x6 (16,14,12)
1x1 (15,19,12)
2x1 (13,19,12)
4x1 (12,13,12)
8x1 (5,19,12)
1x1 (4,19,12)
8x1 (4,13,12)
2x1 (2,19,12)
2x6 (0,14,12)
4x1 (0,13,12)
1x1 (17,19,13)
1x6 (16,14,13)
8x1 (10,13,13)
8x1 (8,19,13)
2x1 (8,13,13)
8x1 (0,19,13)
2x1 (0,18,13)
2x4 (0,14,13)
8x1 (0,13,13)
1x1 (17,13,14)
2x1 (16,19,14)
1x6 (16,13,14)
1x1 (15,19,14)
4x1 (11,19,14)
6x1 (9,13,14)
8x1 (3,19,14)
2x1 (1,19,14)
8x1 (1,13,14)
1x1 (0,19,14)
1x6 (0,13,14)
2x6 (16,14,15)
1x1 (15,19,15)
4x1 (12,13,15)
8x1 (8,17,15)
8x1 (8,16,15)
8x1 (8,15,15)
8x1 (8,14,15)
8x1 (7,19,15)
1x1 (6,19,15)
6x1 (6,13,15)
6x2 (2,16,15)
6x2 (2,14,15)
4x1 (2,13,15)
6x1 (0,19,15)
2x6 (0,13,15)
1x1 (17,19,16)
2x6 (16,13,16)
1x1 (15,13,16)
2x1 (13,13,16)
4x2 (12,16,16)
4x2 (12,14,16)
2x4 (10,14,16)
8x1 (9,19,16)
1x2 (9,16,16)
1x1 (9,15,16)
1x1 (8,19,16)
2x2 (7,16,16)
2x1 (7,15,16)
2x1 (5,17,16)
2x2 (5,15,16)
4x1 (5,14,16)
8x1 (5,13,16)
2x6 (3,12,16)
6x2 (1,18,16)
2x6 (1,12,16)
1x8 (0,12,16)
1x6 (17,13,17)
2x6 (15,13,17)
4x1 (14,19,17)
1x1 (14,18,17)
1x2 (14,13,17)
2x2 (12,18,17)
2x2 (12,13,17)
1x1 (11,19,17)
1x1 (11,13,17)
6x2 (9,15,17)
1x2 (8,15,17)
8x1 (6,17,17)
2x2 (6,15,17)
6x1 (5,19,17)
1x1 (5,18,17)
1x2 (5,15,17)
1x1 (4,19,17)
1x1 (4,13,17)
8x1 (4,12,17)
1x1 (3,12,17)
2x1 (2,19,17)
2x1 (2,13,17)
1x1 (1,19,17)
1x1 (1,13,17)
2x1 (1,12,17)
2x1 (0,18,17)
2x2 (0,16,17)
1x1 (0,15,17)
1x2 (0,13,17)
1x1 (17,19,18)
2x6 (16,13,18)
2x6 (14,13,18)
4x1 (13,19,18)
1x1 (13,18,18)
1x2 (13,13,18)
2x2 (11,18,18)
2x2 (11,13,18)
1x1 (10,19,18)
2x1 (8,19,18)
8x1 (6,17,18)
1x1 (6,16,18)
1x2 (6,14,18)
2x6 (4,12,18)
1x6 (3,12,18)
6x2 (2,18,18)
1x2 (1,18,18)
2x6 (1,12,18)
1x8 (0,12,18)
