1x2 (16,18,0)
1x2 (16,10,0)
2x2 (0,18,0)
2x2 (0,10,0)
1x2 (16,18,1)
1x2 (16,10,1)
2x2 (0,18,1)
2x2 (0,10,1)
1x2 (16,18,2)
1x2 (16,10,2)
2x2 (0,18,2)
2x2 (0,10,2)
1x2 (16,18,3)
1x2 (16,10,3)
2x2 (0,18,3)
2x2 (0,10,3)
1x2 (16,18,4)
1x2 (16,10,4)
2x2 (0,18,4)
2x2 (0,10,4)
1x2 (16,18,5)
1x2 (16,10,5)
2x2 (0,18,5)
2x2 (0,10,5)
1x2 (16,18,6)
1x2 (16,10,6)
2x2 (0,18,6)
2x2 (0,10,6)
1x1 (16,17,7)
1x2 (16,15,7)
1x1 (16,12,7)
1x2 (16,10,7)
6x2 (11,18,7)
1x2 (10,18,7)
6x2 (10,10,7)
4x2 (6,18,7)
4x2 (6,10,7)
6x2 (0,18,7)
2x1 (0,17,7)
2x2 (0,15,7)
2x1 (0,12,7)
6x2 (0,10,7)
1x1 (16,19,8)
1x8 (16,11,8)
1x1 (16,10,8)
1x2 (15,18,8)
1x2 (15,10,8)
2x2 (13,18,8)
2x2 (13,10,8)
1x1 (12,19,8)
1x1 (12,10,8)
2x2 (10,18,8)
2x2 (10,10,8)
2x2 (8,18,8)
2x2 (8,10,8)
1x2 (7,18,8)
1x2 (7,10,8)
2x2 (5,18,8)
2x2 (5,10,8)
2x2 (3,18,8)
2x2 (3,10,8)
2x1 (1,19,8)
2x6 (1,13,8)
2x1 (1,12,8)
2x2 (1,10,8)
1x1 (0,19,8)
1x8 (0,11,8)
1x1 (0,10,8)
2x6 (16,13,9)
2x1 (16,12,9)
2x2 (14,17,9)
2x2 (14,12,9)
6x2 (12,10,9)
8x1 (10,19,9)
6x2 (8,17,9)
6x2 (8,12,9)
4x1 (6,19,9)
2x2 (6,17,9)
6x2 (6,10,9)
6x2 (2,12,9)
6x2 (0,18,9)
6x2 (0,16,9)
6x2 (0,14,9)
2x2 (0,12,9)
6x2 (0,10,9)
1x2 (17,18,10)
1x8 (17,10,10)
2x2 (15,18,10)
2x6 (15,12,10)
2x2 (15,10,10)
2x4 (13,16,10)
2x6 (13,10,10)
2x4 (11,16,10)
2x6 (11,10,10)
2x4 (9,16,10)
2x6 (9,10,10)
2x6 (7,14,10)
2x4 (7,10,10)
1x2 (6,18,10)
1x8 (6,10,10)
2x6 (4,11,10)
2x6 (2,11,10)
6x2 (0,18,10)
6x1 (0,17,10)
2x6 (0,11,10)
6x1 (0,10,10)
