2x2 (7,18,0)
2x2 (7,11,0)
2x2 (0,18,0)
2x2 (0,11,0)
2x2 (7,18,1)
2x2 (7,11,1)
2x2 (0,18,1)
2x2 (0,11,1)
2x2 (7,18,2)
2x2 (7,11,2)
2x2 (0,18,2)
2x2 (0,11,2)
2x2 (7,18,3)
2x2 (7,11,3)
2x2 (0,18,3)
2x2 (0,11,3)
2x2 (7,18,4)
2x2 (7,11,4)
2x2 (0,18,4)
2x2 (0,11,4)
2x2 (7,18,5)
2x2 (7,11,5)
2x2 (0,18,5)
2x2 (0,11,5)
2x2 (7,18,6)
2x2 (7,11,6)
2x2 (0,18,6)
2x2 (0,11,6)
1x1 (8,19,7)
1x8 (8,11,7)
2x2 (6,17,7)
2x6 (6,11,7)
8x1 (0,19,7)
6x2 (0,17,7)
6x1 (0,16,7)
6x2 (0,14,7)
6x2 (0,12,7)
6x1 (0,11,7)
2x6 (7,12,8)
2x1 (7,11,8)
1x1 (6,17,8)
1x6 (6,11,8)
6x2 (3,18,8)
1x2 (2,18,8)
2x2 (0,18,8)
6x1 (0,17,8)
6x2 (0,15,8)
6x2 (0,13,8)
6x2 (0,11,8)
1x2 (8,18,9)
1x1 (7,19,9)
2x1 (5,19,9)
2x2 (3,18,9)
1x1 (2,19,9)
1x2 (1,18,9)
1x2 (0,18,9)
1x1 (8,18,10)
2x1 (7,19,10)
1x1 (6,19,10)
2x1 (4,19,10)
2x2 (2,18,10)
1x1 (1,19,10)
1x2 (0,18,10)
1x1 (8,19,11)
1x2 (8,17,11)
1x1 (7,19,11)
6x1 (2,18,11)
2x1 (1,19,11)
1x1 (0,19,11)
1x2 (0,17,11)
1x1 (8,18,12)
2x1 (8,17,12)
1x1 (7,19,12)
6x1 (2,18,12)
6x1 (1,19,12)
1x1 (1,18,12)
1x2 (0,18,12)
1x1 (0,17,12)
1x2 (8,17,13)
1x1 (7,18,13)
6x1 (1,18,13)
1x2 (0,17,13)
1x1 (8,17,14)
1x1 (6,18,14)
2x1 (4,18,14)
2x2 (0,17,14)
1x1 (8,17,15)
2x1 (6,17,15)
6x1 (0,18,15)
1x1 (0,17,15)
2x1 (7,17,16)
1x1 (6,17,16)
6x1 (1,18,16)
1x1 (0,18,16)
1x1 (0,17,16)
1x1 (8,17,17)
2x1 (0,18,17)
1x1 (0,17,17)
