1x1 (6,16,0)
1x2 (6,14,0)
1x1 (6,6,0)
1x2 (6,4,0)
2x1 (0,16,0)
2x2 (0,14,0)
2x1 (0,6,0)
2x2 (0,4,0)
1x1 (6,3,1)
4x2 (2,2,1)
6x1 (1,19,1)
6x2 (1,17,1)
6x2 (1,15,1)
6x2 (1,13,1)
6x1 (1,12,1)
6x2 (1,10,1)
6x2 (1,8,1)
6x2 (1,6,1)
6x2 (1,4,1)
1x1 (1,3,1)
1x4 (0,13,1)
1x8 (0,5,1)
1x1 (0,4,1)
1x1 (6,19,2)
1x4 (6,15,2)
1x8 (6,7,2)
1x2 (5,18,2)
2x4 (5,3,2)
1x1 (5,2,2)
2x6 (4,9,2)
1x2 (4,7,2)
2x2 (3,18,2)
1x1 (3,14,2)
1x2 (3,9,2)
2x2 (3,2,2)
1x1 (2,19,2)
1x2 (2,2,2)
2x6 (1,9,2)
2x1 (0,19,2)
2x4 (0,15,2)
1x6 (0,9,2)
4x2 (0,7,2)
2x4 (0,3,2)
1x1 (6,17,3)
1x1 (6,14,3)
1x1 (6,11,3)
1x1 (6,8,3)
1x2 (6,6,3)
2x2 (5,12,3)
1x1 (4,12,3)
1x1 (4,10,3)
2x1 (3,14,3)
1x1 (2,12,3)
2x1 (2,10,3)
6x1 (1,19,3)
4x1 (1,8,3)
6x2 (1,4,3)
6x1 (1,3,3)
1x1 (0,19,3)
1x2 (0,17,3)
8x1 (0,16,3)
2x2 (0,14,3)
2x1 (0,13,3)
2x4 (0,9,3)
1x1 (0,8,3)
6x2 (0,6,3)
1x1 (0,5,3)
1x2 (0,3,3)
1x1 (6,17,4)
1x1 (6,7,4)
2x2 (5,12,4)
2x2 (5,5,4)
1x1 (4,12,4)
2x1 (4,10,4)
1x2 (3,6,4)
1x1 (2,12,4)
1x1 (2,10,4)
6x2 (1,18,4)
6x2 (1,15,4)
1x1 (1,14,4)
1x4 (1,10,4)
6x1 (1,8,4)
2x2 (1,5,4)
1x4 (0,16,4)
1x8 (0,8,4)
2x1 (0,7,4)
1x2 (0,5,4)
1x1 (5,16,5)
1x2 (5,14,5)
1x2 (5,12,5)
2x4 (4,8,5)
2x6 (3,12,5)
1x4 (3,8,5)
2x4 (1,14,5)
2x6 (1,8,5)
