1x2 (7,15,0)
1x1 (7,13,0)
1x2 (7,5,0)
2x2 (6,7,0)
1x1 (6,5,0)
2x6 (5,11,0)
2x1 (5,10,0)
2x6 (3,11,0)
2x6 (1,11,0)
6x1 (1,9,0)
6x2 (1,3,0)
1x1 (1,2,0)
1x1 (0,16,0)
1x1 (0,13,0)
6x1 (0,8,0)
6x2 (0,6,0)
6x1 (0,5,0)
1x2 (7,7,1)
1x1 (6,19,1)
2x6 (6,13,1)
2x4 (6,9,1)
1x4 (5,16,1)
1x1 (5,14,1)
4x1 (5,3,1)
1x1 (4,19,1)
1x1 (4,3,1)
2x1 (2,19,1)
4x1 (2,2,1)
2x2 (1,17,1)
2x1 (1,16,1)
2x2 (1,14,1)
1x1 (1,13,1)
1x2 (1,11,1)
1x1 (1,3,1)
1x8 (0,10,1)
1x1 (0,9,1)
1x1 (0,7,1)
8x1 (0,6,1)
8x1 (0,4,1)
1x1 (7,18,2)
1x2 (7,16,2)
1x8 (7,8,2)
1x4 (6,8,2)
2x1 (6,3,2)
2x6 (5,12,2)
2x6 (3,12,2)
6x2 (2,6,2)
6x2 (2,4,2)
4x2 (2,2,2)
6x2 (1,18,2)
2x6 (1,12,2)
1x1 (1,11,2)
1x1 (0,17,2)
1x6 (0,11,2)
6x2 (0,9,2)
6x1 (0,8,2)
2x4 (0,4,2)
1x2 (7,14,3)
1x1 (7,11,3)
1x4 (7,7,3)
2x1 (6,18,3)
2x2 (6,12,3)
1x1 (5,12,3)
6x2 (2,16,3)
6x1 (2,6,3)
6x1 (1,19,3)
1x1 (1,16,3)
6x2 (1,14,3)
1x1 (1,13,3)
4x1 (1,12,3)
1x1 (1,11,3)
6x2 (1,9,3)
6x2 (1,7,3)
1x1 (1,6,3)
2x2 (0,17,3)
1x1 (0,16,3)
1x2 (0,14,3)
1x8 (0,6,3)
1x1 (7,16,4)
2x1 (7,15,4)
1x1 (7,9,4)
1x1 (6,17,4)
1x1 (6,10,4)
2x2 (5,15,4)
2x1 (3,16,4)
2x1 (3,10,4)
6x2 (2,13,4)
6x2 (2,11,4)
1x1 (2,10,4)
6x1 (1,19,4)
1x1 (1,18,4)
1x2 (1,16,4)
2x1 (1,15,4)
1x4 (1,11,4)
2x1 (1,9,4)
1x1 (0,15,4)
1x2 (7,11,5)
1x1 (6,13,5)
2x1 (5,14,5)
2x2 (5,11,5)
1x1 (3,16,5)
2x1 (2,14,5)
1x1 (2,11,5)
6x2 (1,18,5)
6x1 (1,17,5)
1x1 (1,16,5)
2x1 (1,12,5)
2x2 (0,10,5)
1x2 (6,12,6)
1x1 (6,11,6)
1x1 (5,14,6)
2x2 (4,11,6)
1x1 (3,16,6)
2x1 (2,14,6)
2x2 (2,11,6)
