1x2 (17,18,0)
1x2 (17,16,0)
2x4 (15,16,0)
1x1 (14,19,0)
1x1 (14,16,0)
4x1 (10,19,0)
6x2 (9,17,0)
1x1 (8,19,0)
8x1 (6,16,0)
1x1 (5,16,0)
6x2 (3,17,0)
2x1 (3,16,0)
8x1 (0,19,0)
1x1 (0,18,0)
1x2 (0,16,0)
2x4 (16,16,1)
1x4 (11,16,1)
2x4 (9,16,1)
1x4 (8,16,1)
1x4 (7,16,1)
2x4 (5,16,1)
1x4 (4,16,1)
4x2 (0,18,1)
4x2 (0,16,1)
1x4 (16,16,2)
2x4 (14,16,2)
1x1 (13,19,2)
1x1 (13,16,2)
2x1 (11,19,2)
2x1 (11,16,2)
4x2 (10,17,2)
1x2 (9,17,2)
6x2 (3,17,2)
8x1 (3,16,2)
8x1 (2,19,2)
1x1 (2,16,2)
2x4 (0,16,2)
1x4 (15,16,3)
2x4 (13,16,3)
1x4 (12,16,3)
2x1 (10,18,3)
2x2 (10,16,3)
1x1 (9,18,3)
1x1 (9,16,3)
4x1 (5,18,3)
4x1 (5,16,3)
1x1 (4,18,3)
1x1 (4,16,3)
8x1 (1,19,3)
1x1 (0,19,3)
4x2 (0,17,3)
4x1 (0,16,3)
1x1 (13,17,4)
1x2 (12,17,4)
1x2 (9,17,4)
2x2 (7,18,4)
2x2 (7,16,4)
1x2 (6,17,4)
1x2 (3,17,4)
1x1 (2,18,4)
1x2 (2,16,4)
1x1 (1,16,4)
1x1 (12,17,5)
1x1 (9,18,5)
2x1 (9,17,5)
1x2 (8,17,5)
1x1 (7,18,5)
1x1 (7,17,5)
1x1 (3,17,5)
1x1 (2,18,5)
1x1 (2,16,5)
1x1 (8,18,6)
2x1 (8,17,6)
2x1 (6,18,6)
2x2 (6,16,6)
4x2 (2,17,6)
4x1 (2,16,6)
1x1 (8,18,7)
1x2 (8,16,7)
4x1 (4,18,7)
4x2 (4,16,7)
1x1 (3,16,7)
2x2 (2,17,7)
1x2 (8,17,8)
1x1 (8,16,8)
4x1 (4,18,8)
1x2 (3,17,8)
4x1 (3,16,8)
1x1 (2,18,8)
1x2 (2,16,8)
